26,5
26,4
24,6
15,58
15,53
25,4
15,44
15,182
0,360
57,11
57,10
57,9
57,5
26,3
25,3
57,4
58,5
57,7
14,315
14,314
12,7
14,312
14,311
14,310
14,309
14,308
14,307
14,306
14,305
14,7
0,358
14,304
14,303
14,302
0,383
0,381
0,380
14,39
14,38
2,7
2,12
2,13
2,15
2,16
0,305
0,302
2,19
0,436
100,6
100,5
100,4
100,3
100,2
100,1
100,0
99,7
99,6
99,5
99,4
99,3
99,2
99,1
99,0
14,299
14,290
14,289
0,352
14,288
14,287
14,286
0,342
63,4
63,3
15,57
15,46
15,54
20,5
20,4
20,3
17,9
17,7
30,4
0,703
0,702
30,5
0,701
82,3
0,699
0,697
0,696
0,695
0,694
14,285
48,4
31,3
30,3
14,284
0,692
0,690
15,51
15,50
14,282
0,689
0,688
27,6
27,5
27,4
28,5
14,281
2,6
0,378
2,21
0,437
45,5
43,3
42,6
42,4
12,9
29,3
58,4
5,5
14,280
0,687
16,108
16,107
16,103
62,128
62,106
62,91
62,90
62,89
62,29
62,10
62,7
62,6
62,3
78,4
79,3
61,4
58,3
50,3
57,8
0,686
12,5
0,684
15,43
15,49
16,84
15,34
16,40
15,52
16,91
15,160
15,48
16,76
16,79
15,159
16,41
16,5
15,158
15,156
16,89
16,87
16,90
15,155
15,41
16,88
15,153
15,152
15,149
15,146
15,145
15,144
15,141
15,140
15,139
15,138
15,137
15,136
15,135
15,118
15,84
15,83
15,114
15,112
15,110
15,133
15,104
15,101
15,47
16,83
16,82
15,134
15,132
15,131
15,130
15,129
15,128
15,117
15,116
15,113
15,111
15,109
15,108
15,105
15,102
15,100
15,97
15,96
15,95
15,94
15,85
15,45
96,21
0,683
0,682
96,20
96,19
0,444
0,306
98,10
98,9
98,8
98,7
98,6
98,5
98,4
0,681
97,5
97,4
2,25
2,24
2,23
2,1
2,22
2,2
2,0
2,14
96,18
96,17
96,16
96,15
96,14
96,13
96,12
96,11
96,10
96,9
96,8
96,7
96,6
96,5
96,4
98,3
98,2
98,1
98,0
97,3
97,2
97,1
97,0
2,4
0,304
0,303
96,3
96,2
0,12
96,1
96,0
0,379
0,11
0,384
0,10
0,9
0,8
0,7
0,678
0,677
15,82
0,676
15,35
15,81
12,4
15,80
16,1
16,77
15,78
0,671
0,670
15,77
38,3
16,75
17,8
15,76
15,75
15,74
15,73
15,72
16,72
16,70
15,4
89,3
95,3
88,3
94,3
93,3
86,3
92,4
85,3
91,4
84,3
90,3
87,11
87,10
87,9
87,8
87,7
87,6
87,5
87,3
2,5
2,3
1,3
0,667
47,3
47,4
0,333
16,67
0,664
15,70
15,69
15,68
15,67
68,3
27,3
0,662
15,66
8,5
0,657
16,28
0,656
0,654
15,38
15,36
15,33
15,64
15,30
15,28
15,27
15,25
15,22
15,21
15,20
15,19
15,18
15,16
15,10
15,6
0,653
15,5
14,194
15,1
10,3
9,4
16,22
15,0
61,5
0,644
16,20
16,19
16,13
16,14
16,17
16,16
16,12
16,15
16,10
16,11
0,345
0,347
0,370
0,350
0,376
0,320
0,243
0,2
0,639
15,56
16,4
19,4
14,193
56,4
53,5
53,4
53,3
51,4
57,3
57,6
51,3
14,187
14,186
14,15
14,14
14,13
14,12
14,11
14,10
14,9
15,181
15,180
15,179
15,178
0,630
17,11
17,10
17,6
37,9
37,8
37,5
37,4
0,622
6,5
84,4
7,5
0,619
14,6
14,279
14,278
14,277
14,276
14,275
14,192
14,1
14,274
0,618
14,191
14,190
14,189
0,612
0,611
0,608
0,607
0,606
0,605
0,604
0,603
15,177
15,176
15,175
15,174
0,602
0,601
0,600
15,173
15,172
0,599
15,171
15,170
46,3
19,3
17,3
17,5
17,4
15,169
15,168
21,3
21,4
15,167
15,166
5,3
5,4
14,273
14,272
14,271
14,270
14,269
14,268
14,267
14,266
14,265
14,264
14,263
14,262
14,261
14,260
14,259
14,258
14,257
14,256
14,255
14,254
14,253
14,252
14,251
14,250
14,249
14,248
14,247
14,246
14,245
14,244
14,243
14,242
14,241
14,240
14,239
14,238
14,237
14,236
14,235
14,234
14,233
14,232
14,231
14,127
14,126
14,125
14,124
14,123
14,122
14,121
14,120
14,119
14,116
14,115
14,114
14,175
14,174
14,173
14,172
14,171
14,170
14,169
14,168
14,167
14,166
14,165
14,164
14,163
14,162
14,161
14,159
14,158
14,157
14,156
14,155
14,154
14,153
14,152
14,151
14,150
14,149
14,148
14,147
14,146
14,145
14,144
14,143
14,142
14,141
14,140
14,139
14,138
14,137
14,136
14,135
14,134
14,133
14,132
14,131
14,5
0,598
0,597
15,165
15,164
0,596
0,410
0,595
0,594
15,163
15,162
0,593
15,127
0,592
15,126
15,125
15,124
15,123
15,122
0,591
0,590
0,589
15,121
15,120
15,2
0,588
0,587
0,586
0,585
0,584
0,583
0,582
0,581
0,324
6,3
6,4
0,580
0,579
0,578
0,577
14,184
14,183
14,182
14,181
14,2
14,0
14,180
14,179
14,178
14,177
14,176
16,7
0,576
16,6
0,251
16,18
16,2
16,0
37,7
37,6
37,3
0,279
0,277
14,160
8,4
0,275
0,274
0,349
0,271
0,351
0,269
0,267
0,266
0,264
0,263
0,261
0,258
0,256
9,5
0,247
0,231
10,4
9,3
0,228
0,223
0,220
7,3
7,4
0,192
0,59
0,56
0,55
0,54
0,50
0,45
0,6
0,300
0,299
0,298
0,297
0,296
0,295
0,294
0,293
0,292
0,291
8,3
0,290
0,289
0,288
0,287
0,1
0,286
0,285
0,284
0,329
0,282
0,281
14,3
14,94
14,87
14,86
14,84
14,83
14,81
14,80
14,78
14,76
14,75
14,73
14,72
14,70
14,68
14,67
14,65
14,64
14,36
14,35
14,33
14,31
14,30
14,28
14,27
14,25
14,23
14,22
14,20
14,19
14,17
14,16
0,280
0,278
0,273
0,255
0,225
0,203
0,61
0,52
0,51
0,283
0,276
0,268
0,323
0,250
0,244
0,234
0,530
0,0
0,218
0,194
0,57
0,48
0,272
0,270
0,265
0,262
0,260
0,259
0,257
0,253
0,240
0,237
0,226
0,219
0,208
0,63
0,62
0,60
0,58
0,53
0,49
0,46
0,47
0,365
0,327
0,325
0,377
0,359
0,369
0,348
0,367
0,371
0,354
0,254
0,366
0,252
0,249
0,356
0,248
0,246
0,245
0,242
0,241
0,239
0,238
0,353
0,236
0,235
0,233
0,343
0,232
0,230
0,229
0,227
0,224
0,221
0,363
0,217
0,215
0,357
0,346
16,515
16,514
16,513
16,512
0,222
0,216
0,213
0,206
0,340
0,344
0,212
0,214
0,205
0,201
0,197
0,339
15,3
0,210
0,211
0,209
0,207
0,204
0,202
0,200
0,198
0,199
0,195
0,196
0,341
14,130
14,129
14,128
14,118
14,113
14,112
14,111
14,110
14,109
14,108
14,107
14,106
14,105
14,104
14,103
14,102
14,101
14,100
14,99
14,98
14,97
14,96
14,92
14,91
14,90
14,89
14,88
14,85
14,82
14,79
14,77
14,74
14,71
14,69
14,66
14,37
14,34
14,32
14,29
14,26
14,24
14,21
14,18
0,193
16,511
16,510
16,509
16,508
16,466
16,463
16,460
16,459
0,338
16,3
0,362
0,361
0,336
0,332
0,337
0,335
0,328
0,330
0,331
14,4
16,9
16,8
16,405
16,404
16,403
16,402
16,397
16,395
16,390
16,389
16,388
15,55
16,385
16,384
15,42
0,375
0,374
0,373
0,372
16,294
15,161
0,368
0,364
11,5
12,8
12,6
11,4
11,3
12,3
23,3
23,4
49,3
95,2
95,1
95,0
94,2
94,1
94,0
93,4
93,2
93,1
93,0
92,3
92,2
92,1
92,0
91,3
91,2
91,1
91,0
90,4
90,2
90,1
90,0
89,2
89,1
89,0
88,2
88,1
88,0
87,4
87,2
87,1
87,0
86,4
86,2
86,1
86,0
85,4
85,2
85,1
85,0
84,2
84,1
84,0
47,2
83,4
83,3
83,2
83,1
83,0
82,2
82,1
82,0
62,167
62,166
62,165
62,164
62,163
62,162
62,161
62,160
62,159
62,158
62,157
62,156
62,155
62,154
62,153
62,152
62,151
62,150
62,149
62,148
62,147
62,146
62,145
62,144
62,143
62,142
62,141
62,140
62,139
62,138
62,137
62,136
62,135
62,134
62,133
62,132
62,131
62,130
62,129
62,119
62,118
62,117
62,116
62,115
62,114
62,113
62,112
62,111
62,110
62,109
62,108
62,107
62,105
62,104
62,103
62,102
62,101
62,100
62,99
62,98
62,97
62,96
62,95
62,94
62,93
62,92
62,88
62,87
62,86
62,85
62,84
62,83
62,82
62,81
62,80
62,79
62,78
62,77
62,76
62,75
62,74
62,73
62,72
62,71
62,70
62,69
62,68
62,67
62,66
62,65
62,64
62,35
62,34
62,33
62,32
62,31
62,30
62,28
62,27
62,26
62,25
62,24
62,23
62,22
62,21
62,20
62,19
62,18
62,17
62,16
62,15
62,14
62,13
62,12
62,11
62,9
62,8
62,5
62,4
81,4
81,3
81,2
81,1
81,0
80,4
80,3
80,2
80,1
80,0
79,4
79,2
79,1
79,0
78,3
78,2
78,1
78,0
77,3
77,2
77,1
77,0
76,4
76,3
76,2
76,1
76,0
2,20
75,7
75,6
75,5
75,4
75,3
75,2
75,1
75,0
74,4
74,3
74,2
74,1
74,0
73,6
73,5
73,4
73,3
73,2
73,1
73,0
72,8
72,7
72,6
72,5
72,4
72,3
72,2
72,1
72,0
71,3
71,2
71,1
71,0
70,6
70,5
70,4
70,3
70,2
70,1
70,0
69,5
69,4
69,3
69,2
69,1
69,0
68,2
68,1
68,0
67,4
67,3
67,2
67,1
67,0
66,6
66,5
66,4
66,3
66,2
66,1
66,0
2,18
65,4
65,3
65,2
65,1
65,0
64,4
64,3
64,2
64,1
64,0
63,2
63,1
63,0
62,2
62,1
62,0
61,3
61,2
61,1
61,0
60,4
60,3
60,2
60,1
60,0
59,4
59,3
59,2
59,1
59,0
2,17
58,2
58,1
58,0
57,2
57,1
57,0
56,5
56,3
56,2
56,1
56,0
55,4
55,3
55,2
55,1
55,0
54,5
54,4
54,3
54,2
54,1
54,0
53,2
53,1
53,0
52,4
52,3
52,2
52,1
52,0
51,2
51,1
51,0
50,5
50,4
50,2
50,1
50,0
13,4
13,3
13,2
13,1
13,0
12,2
12,1
12,0
11,2
11,1
11,0
10,2
10,1
10,0
9,2
9,1
9,0
8,2
8,1
8,0
7,2
7,1
7,0
6,2
6,1
6,0
5,6
5,2
5,1
5,0
4,3
4,2
4,1
4,0
3,6
3,5
3,4
3,3
3,2
3,1
3,0
2,11
2,10
2,9
2,8
1,2
1,1
1,0
17,0
17,1
18,1
18,2
18,4
19,0
19,2
20,0
20,2
21,0
21,2
22,0
22,2
22,3
22,5
23,0
23,2
24,0
24,2
24,3
24,5
24,7
25,0
25,2
26,0
26,2
27,0
27,2
27,7
28,0
28,2
28,3
29,1
29,2
30,0
30,1
31,0
31,2
32,1
32,2
32,4
33,1
33,2
33,4
33,5
34,1
34,2
34,4
35,1
35,2
35,4
37,0
37,2
38,0
38,1
39,0
39,1
39,3
40,0
40,2
40,4
41,0
41,2
41,3
41,5
42,1
42,2
42,5
43,0
43,1
43,5
43,6
44,0
44,1
44,3
44,5
45,0
45,2
45,3
46,0
46,2
47,0
47,1
48,1
48,3
49,0
49,1
49,2
48,5
48,2
48,0
46,1
45,4
45,1
44,4
44,2
43,7
43,4
43,2
42,3
42,0
41,4
41,1
40,3
40,1
39,2
38,4
38,2
37,1
35,3
35,0
34,3
34,0
33,3
33,0
32,3
32,0
31,1
30,2
29,0
28,4
28,1
27,1
26,1
25,1
24,4
24,1
23,1
22,4
22,1
21,1
20,1
19,1
18,3
18,0
17,2
0,5
0,4
0,3
